 PDE 2004 12  5  1 52 37.20  48.1200    8.0800  10.0 4.2 0.0 GERMANY                                 
event name:     120504B        
time shift:      3.9000
half duration:   0.6000
latitude:       48.0300
longitude:       8.0400
depth:          12.0000
Mrr:       1.370000e+19
Mtt:      -1.260000e+23
Mpp:       1.260000e+23
Mrt:      -9.300000e+22
Mrp:      -3.110000e+22
Mtp:      -5.590000e+22
